2 1 3 0
0 2 1 9 5 6 8 10 3 4 7
0 1 3 5 2 4
1 4 0 2 3
2 1 3 0
1 4 3 6 2 5 0
6 5 3 7 4 0 2 1
1 4 0 2 3
6 9 5 7 4 3 8 1 2 0
1 4 3 6 2 5 0
1 4 3 6 2 5 0
1 4 3 6 2 5 0
0 2 1 9 5 6 8 10 3 4 7
1 4 0 2 3
2 1 3 0
2 1 3 0
1 4 3 6 2 5 0
1 4 0 2 3
0 1 3 5 2 4
6 5 3 7 4 0 2 1
2 1 3 0
2 1 3 0
2 1 3 0
6 5 3 7 4 0 2 1
0 1 2
6 9 5 7 4 3 8 1 2 0
2 1 3 0
0 1 3 5 2 4
0 1 3 5 2 4
1 4 3 6 2 5 0
1 4 3 6 2 5 0
0 1 6 3 8 7 5 4 2
2 1 3 0
6 5 3 7 4 0 2 1
0 1 2
0 1 3 5 2 4
1 4 0 2 3
0 1 3 5 2 4
0 1 3 5 2 4
12 10 5 0 11 8 2 1 6 3 9 7 4
0 1 2
1 4 3 6 2 5 0
6 9 5 7 4 3 8 1 2 0
1 4 0 2 3
0 1 3 5 2 4
6 9 5 7 4 3 8 1 2 0
6 1 9 3 11 8 7 10 0 5 4 2
1 4 3 6 2 5 0
2 1 3 0
6 1 9 3 11 8 7 10 0 5 4 2